2334
1871
2049
2233
573
2875
2402
2763
1297
2571

1603
2771
2108
1976
24
2669
1858
2435
361
2522

2054
2798
2876
2817
2737
400
911
45
2963
541

2523
540
1639
2537
1332
1082
2151
816
2439
1479

37
520
2173
2934
1197
2815
2906
320
2062
2176

2036
479
1136
1790
1145
2825
2272
2268
1791
661

1740
327
1959
876
1430
420
385
2164
1701
2059

12
2453
1102
205
2079
2136
841
821
354
786

1446
451
1860
1799
2112
302
902
735
2805
751

1855
416
1329
1646
1921
2587
2489
651
2011
1350

1021
191
3000
867
4
855
1707
1629
392
727

188
2230
1986
1730
1825
530
2868
107
1737
2040

69
2519
761
1800
2237
1089
44
2213
2850
1260

699
235
2089
98
2045
371
1906
2201
2862
1852

324
1256
1452
726
976
1351
2818
2224
2098
2031

636
1254
2472
384
539
796
759
284
151
2384

1141
2205
135
1507
1380
1117
1689
2380
1948
1628

466
1664
339
1845
1077
586
835
1069
2534
2383

1727
2723
260
2995
1459
250
352
1486
2851
120

871
2961
970
1606
1424
790
2559
838
1509
1750

1060
644
26
1041
2410
2785
2450
538
433
27

2436
1962
2790
485
1132
498
1561
2969
2955
2068

68
674
2403
228
2665
2827
2244
665
1497
2837

2202
1912
358
1913
1223
1782
1215
2923
2430
2692

1599
2908
787
2810
2015
1577
1926
955
1379
2257

501
2873
2547
689
2047
145
1725
864
2389
1950

283
2572
1159
2629
2685
590
1025
1827
870
711

529
591
2724
34
2395
2668
2550
99
2736
1744

2001
833
2019
738
1383
2839
2070
265
1235
2987

2758
1440
887
2482
2421
2454
1352
1598
2912
2816

919
881
2385
1996
1657
2370
2102
2356
1681
1553

1739
2115
1033
1010
1295
773
1218
319
1547
593

2139
459
2716
2710
2977
381
2528
1449
1410
1979

189
1464
406
1097
1720
639
2795
831
1589
2349

1467
2227
990
2225
713
1116
812
1909
1749
1914

2438
39
1972
714
884
84
252
2874
1404
1073

1674
1333
1139
685
1670
1099
2560
2004
2883
2739

16
2106
2792
1558
2093
969
2199
528
2885
1585

2064
2273
1752
281
1397
1196
587
1124
65
808

1266
874
1042
1090
516
1198
1625
2591
668
1626

399
1190
2836
1411
1944
1522
2375
1364
2524
817

264
2
1289
1014
1605
2755
940
630
157
2729

1144
2975
2085
2352
2507
1045
933
2566
2774
238

1520
2251
2901
495
2359
2456
391
1763
2009
2564

2189
2305
1055
1377
2517
2357
1058
489
1650
2582

255
1129
1168
2964
2492
1093
2664
97
2820
736

2130
2022
1319
1565
2348
503
2604
606
1490
1696

246
2488
474
1758
814
2707
1361
2398
82
366

1806
616
971
1186
380
2366
2801
2625
241
992

856
1621
1564
1325
2548
1904
1358
2360
1115
83

695
2159
1527
766
1525
763
1999
1298
1094
2742

2806
1685
615
1612
2623
623
465
199
1862
2533

2021
20
2586
2683
2802
1171
2141
1180
681
274

846
271
2670
344
1346
2422
2872
2404
184
1676

29
1842
2778
342
860
2895
1751
395
167
1478

1679
1768
343
1401
2844
100
487
2120
2647
1816

1204
118
1051
1054
1388
1227
1695
203
2391
2487

1940
397
1597
19
1854
1472
2881
112
59
109

1208
1280
1652
1574
804
604
1526
2379
2476
2531

321
765
2167
2333
2680
531
1038
1142
72
1001

1212
2218
1888
2425
2266
1417
1826
2319
1278
2563

1569
2631
488
1480
2671
1886
1503
148
1096
481

18
2622
1623
1488
883
193
908
2627
2546
1803

2276
2811
2331
678
958
2942
2804
2911
1175
1960

1263
652
187
2147
581
2058
1731
2504
892
1331

1923
504
1735
783
1692
2654
225
2661
2904
443

2642
2494
1502
2397
476
1717
805
1118
1880
1161

2643
306
755
1441
1853
215
1406
2262
111
298

1682
2768
1594
2172
2857
2514
74
2720
918
419

1759
1767
1236
1668
2538
2796
372
690
1147
785

173
659
723
635
31
923
390
1560
2696
1704

2738
249
1588
452
2177
1985
2291
307
1777
1494

602
287
422
2026
444
1251
822
1568
243
2610

2168
778
1300
715
2278
1283
386
1706
2819
2429

2541
178
750
2083
463
1566
974
328
177
165

1997
314
119
1667
41
1110
818
1174
1596
211

2335
2292
637
1583
825
128
121
393
2898
996

837
164
742
1412
839
854
81
2461
1840
939

2996
491
994
2708
1267
945
542
1063
2358
1903

1556
1249
1372
718
1274
1305
1552
2005
941
1958

2277
1382
2209
223
1232
1591
90
1722
634
1817

471
2423
1504
995
1530
1122
2475
209
1893
746

1622
473
1711
423
1789
1773
2536
1517
1134
776

514
245
2773
1040
468
2243
1496
2405
707
1841

166
1508
446
257
2807
2855
624
2527
204
2474

1680
2814
2543
1428
592
1222
2296
1368
494
1324

563
1587
2316
21
954
1062
331
1949
2157
1470

2919
158
1340
62
950
843
999
944
589
63

952
450
551
1902
2576
1832
578
125
305
543

1370
1718
1270
2675
849
1367
1775
2000
1429
936

160
793
2190
1252
159
598
1634
1545
2700
2848

347
2701
220
2283
1973
477
229
1828
71
2945

407
2779
2304
373
1408
1977
733
2595
2343
754

1608
2104
2663
2573
1153
409
325
2757
23
565

866
545
965
2753
2954
493
621
2638
596
739

2214
1919
2734
379
1438
133
1487
1485
2695
1593

983
2235
462
891
1901
2364
1461
1448
2877
1006

2970
297
1135
915
1555
605
1308
1714
1734
2858

1600
1792
1911
1891
509
1672
2936
1654
700
2041

2442
893
1328
1422
795
1268
832
1343
1027
1617

1635
2958
1876
131
973
1192
1195
1946
1009
405

2111
998
2913
2289
326
1031
2748
171
1557
2740

1659
2260
1716
2782
1310
2552
1823
2125
515
2567

360
1432
91
2831
1262
2378
2065
2462
2481
2242

1849
2048
511
2983
2628
1684
258
176
2677
1905

2510
1843
1712
1214
2713
2869
2905
2607
2593
1444

1769
1443
140
197
688
1273
1514
1290
2060
2341

253
1104
1131
242
126
1532
925
642
67
2690

2747
2926
2053
2483
1101
1632
2440
1974
844
1550

2222
1390
2046
517
1955
1512
807
2163
2281
717

2215
614
2057
2951
115
640
671
2870
2309
2467

2574
1642
234
2381
1611
2652
1199
1056
2861
2313

710
345
2655
2889
1942
351
2651
2142
947
932

1610
571
2246
900
70
2658
301
1643
830
879

1771
2626
2940
2285
979
2765
1032
2558
2228
1554

1396
54
1943
2081
1981
1780
2211
2570
2337
532

2525
1456
1071
1868
300
2105
123
362
5
1627

967
2452
627
588
1091
2914
2394
1839
2965
154

2371
2401
310
1539
1211
2449
2129
424
356
930

506
2922
2321
263
500
270
2420
1499
694
1237

1994
797
2312
2132
705
564
1834
1929
1374
853

1194
522
1932
1788
1721
1287
2497
1039
1146
2007

2332
2469
1982
2377
2361
280
1584
2175
647
1637

1193
134
190
800
1047
794
1307
2878
2630
2808

889
293
2220
429
949
2686
2466
2188
2887
1729

737
1013
2717
1306
1872
295
1245
51
2180
1533

1793
2639
2515
1873
2480
1808
370
2107
1761
336

575
2760
633
2605
1875
897
2971
1989
2544
1206

2752
272
421
1481
2267
2968
951
1885
1022
1474

460
244
963
2702
2555
2437
2477
335
696
2863

1865
1990
2149
1784
894
2223
1824
2659
2143
2845

683
2171
1111
1705
279
2894
1106
848
2613
646

410
2020
2609
2323
1246
2123
2620
658
956
2882

438
2150
1265
2703
2797
124
2937
365
693
1883

2458
552
1524
275
17
389
2030
1378
1757
55

886
1088
1489
1355
262
2838
2033
1017
914
2027

1220
2864
2457
276
903
1437
1243
2463
114
1835

1796
2871
1271
86
2259
1922
413
2941
2253
2073

61
702
834
2330
1128
2787
2322
829
2393
757

162
1385
2697
206
2530
2072
1602
2781
396
1766

2590
401
408
1590
2408
2301
333
942
2549
2325

2051
2529
863
1166
521
2234
1420
1257
2828
2783

2406
1407
675
13
1495
1065
799
890
2509
1138

470
218
2044
2721
1315
2161
1078
2767
2221
1177

369
1156
2448
762
873
1961
780
2915
2974
508

534
2953
2443
2212
2822
1158
1516
1856
840
1523

1172
1877
382
628
1538
1785
15
1640
1034
916

2502
2388
1907
1284
1578
1425
960
1189
2967
943

1127
1261
922
1953
2032
110
152
1798
2133
143

236
404
1335
1209
2832
2824
2363
1870
721
560

1939
1541
1833
597
2960
2619
2981
1965
232
1895

2090
2185
2599
2066
289
1624
2486
2852
1095
1537

2769
2691
48
2156
638
1399
1910
88
1067
1743

2535
2219
924
1677
1987
1882
617
2232
788
2731

2733
1184
1776
2674
1894
1658
155
888
201
2927

1713
2339
2252
2947
1219
2794
2791
2718
359
1176

862
136
2471
917
226
323
1819
1248
2616
2711

2641
1613
2800
2362
774
898
2561
496
2899
554

1229
2938
1414
402
2579
1188
1869
692
2982
2369

1149
2761
2662
1167
1311
137
806
170
2367
1012

337
1908
1615
349
2939
375
2597
1079
1303
1699

712
2789
1201
2545
1048
2636
2195
641
1645
2174

899
2084
1582
1633
1586
2621
103
2842
317
1954

1178
1915
75
1580
2101
927
768
1468
2880
2390

2342
2178
1259
1126
1698
1108
2891
1473
2866
1433

96
2327
2158
196
2907
1285
1183
2699
2241
417

1531
622
1185
1416
2750
2155
1255
609
1322
2399

670
907
2688
1866
1044
1995
1837
533
2786
865

1230
1238
2992
2803
445
2584
2569
192
2799
2344

1418
1241
1205
2441
80
447
2993
1673
2725
505

2006
842
749
1344
334
1889
2949
2016
1460
1392

920
1638
2455
482
435
2245
2307
2980
282
1463

1291
1381
2288
701
2991
2846
1529
2034
2660
1455

1426
789
525
1020
1072
824
210
991
716
1678

58
1830
632
1802
1818
2396
629
1975
441
2282

1710
367
549
233
1647
2667
2340
931
330
1492

2103
769
1786
108
484
2867
2154
1366
1614
312

472
544
77
2270
1105
594
1546
875
2635
2829

1409
1947
2206
2687
2017
962
1403
1338
56
2512

1592
2376
256
2392
2387
329
1046
2138
1571
2689

1971
1741
601
277
1427
845
1968
2042
978
2624

1081
478
570
163
2653
32
1137
1164
868
346

2303
1764
673
1143
2013
2972
2508
734
141
1154

1026
607
2997
2693
1061
852
2900
2706
1258
771

2126
316
2598
561
968
332
36
2012
394
1964

292
1770
2226
2784
2741
1016
1952
2239
2192
1506

2935
2318
2521
1169
2902
2208
1703
1821
1314
2712

1465
2128
2998
1726
1299
524
1544
285
2451
2249

747
1595
2137
1491
1738
248
127
872
1937
2122

1458
492
2464
499
9
858
669
2929
664
2071

2191
1801
1805
1988
1125
2698
1363
113
2634
2275

132
577
1579
28
440
247
567
2061
2295
1732

267
1702
239
1850
1930
294
1563
1931
1076
1435

2640
2416
1549
286
2198
631
579
322
79
1187

2745
1140
299
200
676
1957
1661
2656
64
595

73
2948
1
568
169
2730
1867
1575
2594
782

803
847
1783
2465
2314
2540
3
2577
1469
1540

1439
1066
1312
2496
576
572
1114
882
144
1572

2994
1693
1288
1518
1809
2984
2140
2812
1373
1015

30
2762
708
2999
798
1601
2353
1282
1500
1052

183
350
513
2632
2038
122
767
1543
823
1475

660
2957
1666
2431
1920
149
1476
625
432
550

1216
2067
2181
1813
291
1269
2879
512
2294
147

1966
2657
1244
1466
1213
2612
2583
1394
2813
208

458
2764
2973
2473
2709
815
2727
1421
308
1918

559
364
273
2269
418
427
1864
1070
303
2346

2255
194
2002
1831
2925
2826
2328
129
464
1998

656
1753
948
953
2088
1450
2562
6
2470
1648

182
1365
95
2247
1653
1086
1651
2078
1618
959

2029
2193
1993
1098
411
1655
1234
2160
2460
2100

1477
741
2539
2039
1810
1779
2196
1030
1733
1807

2672
2077
1879
972
921
2284
2944
1778
2917
2124

2511
1519
2589
2884
2217
510
2096
456
1326
1050

212
1203
1028
2290
2478
2637
1691
784
14
259

1755
254
2368
2932
585
1415
1956
40
2897
353

2187
1970
2186
449
548
2732
2446
2413
2010
791

1604
1551
1354
2617
728
7
1384
679
1687
1861

2495
1812
2678
895
558
2018
2127
2575
2988
2606

2170
1811
2080
553
2229
52
2666
1649
704
1781

857
1423
2788
1510
910
2179
756
1000
2336
1874

2505
2551
1342
648
1457
2075
2588
1746
1980
1797

2491
1815
2279
2056
1795
1535
1756
1760
1341
2843

2633
961
2231
1453
1272
2144
896
230
138
682

611
434
1353
1742
2146
2592
1607
626
1686
453

1057
518
2722
2600
288
777
49
1327
1619
2256

2293
1294
261
1336
2921
1037
198
654
1100
526

1848
2386
502
1690
703
2414
2099
2118
2841
2074

1528
760
2091
724
2338
1318
1736
2931
338
2238

130
2751
537
1109
1631
2506
820
442
1296
556

2853
1887
2427
309
1323
687
2240
2426
2411
1562

2479
2580
2956
2704
2264
315
1884
1728
1007
1838

2365
752
1573
2052
2345
1498
2134
490
1941
448

720
2601
2735
2614
2299
981
2952
2347
1925
2087

104
1239
569
2793
2501
172
1863
2847
202
1157

348
878
2865
2650
1675
53
740
2069
988
2705

2886
2204
1389
268
2023
2618
1320
1984
1113
2254

1688
810
2315
2444
290
1723
181
869
2943
1436

650
730
1483
214
2990
106
937
987
1360
227

982
535
984
1018
758
861
547
1857
781
92

216
912
2749
519
1279
1301
2306
102
161
142

2950
2326
583
2585
1334
1846
2302
684
836
1927

913
2428
2311
1559
1068
613
1036
2681
2500
686

398
47
709
1151
2823
180
748
1286
2095
341

240
1250
2407
2216
1859
2743
1207
2903
304
175

1074
38
928
1900
94
2035
1165
2499
1501
1008

2152
880
1162
1376
2603
2415
1847
2888
2542
1011

2424
2772
653
2014
376
608
2432
2092
2082
677

93
2113
2976
412
2645
355
1462
1275
802
2854

2780
1836
2916
691
2286
2373
618
1179
1200
1620

1992
156
1003
1375
2310
2578
1148
475
938
2297

1049
1616
231
174
1820
1896
706
993
2890
1548

2978
2351
78
1217
2055
368
1233
1641
2094
2918

2063
2896
2418
2835
2754
1747
1609
1309
2615
2966

318
1004
980
1393
87
497
1451
1445
909
428

2153
1224
775
1945
2859
35
1024
313
2043
2165

1345
2644
1851
2856
745
1814
2119
2433
2909
1431

1337
2493
1938
1570
1321
2258
1890
455
580
935

1413
698
926
2986
2893
1419
905
1534
1304
2372

2646
620
877
666
1765
1264
437
2131
50
1665

374
649
1935
1155
2611
2148
185
2556
1969
523

2834
1023
986
2920
1313
2910
1671
340
357
743

850
555
89
725
1656
2759
461
2028
2554
2930

1120
383
1951
1359
2840
1281
219
1804
2694
2459

2355
1210
1822
2121
2777
363
989
2484
901
1357

1293
1933
76
1152
2833
663
1228
582
2565
2024

2849
2933
1276
662
619
1348
1005
2682
1253
1576

753
2203
2025
2207
2308
2117
46
906
809
377

439
469
480
2400
1505
1225
1356
43
1317
2770

2719
1347
672
2182
546
2110
11
2116
2503
2197

1150
1794
1362
2210
117
2715
1064
719
680
436

186
414
2490
934
977
266
1787
1936
2300
1302

2746
2581
1484
966
2287
1043
1405
722
251
1709

1240
574
813
1708
2608
1774
1434
2166
729
415

1878
1892
566
1663
387
2412
1924
1748
179
2447

1967
827
1339
997
2109
2236
2776
645
1369
859

770
1112
779
296
454
2553
1402
2532
8
975

1724
1059
1630
2673
1391
536
2324
2756
2714
2892

2679
1080
2329
1398
2374
2350
388
139
2050
1934

1719
2596
1669
195
2320
1202
1387
1928
811
885

764
2526
1697
2086
957
33
483
1170
1683
2602

1121
224
2775
1173
2162
42
2382
1107
1983
213

1083
1371
1035
2248
1075
1386
2728
2860
2008
2419

1636
2280
1482
1400
2298
1316
985
603
600
57

1085
425
1130
457
1897
1700
2261
1163
2169
2649

1536
2830
1772
964
1119
1084
1493
1160
1660
2959

2946
2265
2076
772
2417
2513
2744
2200
1542
1991

105
1454
1231
1133
1395
2766
2183
828
2924
507

2726
467
1349
1515
801
1762
731
1053
207
1754

2979
527
2516
1581
2250
2135
1330
116
2520
1881

10
25
153
1511
66
643
946
146
85
1745

2097
657
2434
2518
2271
655
1221
1019
378
426

1644
2684
1226
1829
60
2809
403
599
2184
1029

667
929
431
1917
222
1694
217
1191
1715
732

168
826
1277
430
1513
269
2145
1471
150
2485

2263
1292
2037
2568
819
612
2989
2928
1567
2003

1242
2274
2409
2821
1899
851
1521
2648
1181
2676

697
1092
2354
557
2962
744
1002
2557
237
1447

2498
1898
904
1103
1123
221
1844
1247
584
278

1963
1087
562
1916
610
2194
792
1182
1442
2468

1662
311
101
2317
22
2445
486
2985
2114
1978

